4802
1114
3456
1242
3344
1322
3980
1458
5210
1042
5692
1070
6984
1106
8428
922
9578
916
10882
894
13020
778
14218
782
17294
834
20598
762
22572
794
25912
810
32510
810
35400
878
38358
888
47294
792
50114
840
56952
912
62408
862
69530
980
78444
1112
92102
1436
99918
1334
116846
1806
125256
1534
137108
1714
174880
2158
160022
2134
680460
2134
160022
2158
174880
1714
137108
1534
125256
1806
116846
1334
99918
1436
92102
1112
78444
980
69530
862
62408
912
56952
840
50114
792
47294
888
38358
878
35400
810
32510
810
25912
794
22572
762
20598
834
17294
782
14218
778
13020
894
10882
916
9578
922
8428
1106
6984
1070
5692
1042
5210
1458
3980
1322
3344
1242
3456
1114
4802
